const char ASE_skeleton[] = "\n\n\n\n\n\n\n\n\n\n"
"*3DSMAX_ASCIIEXPORT	200\n"
"*COMMENT \"AsciiExport Version  2,00 - Mon Jul 24 17:47:07 2023\"\n"
"*SCENE {\n"
"	*SCENE_FILENAME \"\"\n"
"	*SCENE_FIRSTFRAME 0\n"
"	*SCENE_LASTFRAME 100\n"
"	*SCENE_FRAMESPEED 30\n"
"	*SCENE_TICKSPERFRAME 160\n"
"	*SCENE_BACKGROUND_STATIC 0.0000	0.0000	0.0000\n"
"	*SCENE_AMBIENT_STATIC 0.0000	0.0000	0.0000\n"
"}\n"
"*HELPEROBJECT {\n"
"	*NODE_NAME \"Root\"\n"
"	*HELPER_CLASS \"Dummy\"\n"
"	*NODE_TM {\n"
"		*NODE_NAME \"Root\"\n"
"		*INHERIT_POS 0 0 0\n"
"		*INHERIT_ROT 0 0 0\n"
"		*INHERIT_SCL 0 0 0\n"
"		*TM_ROW0 1.0000	0.0000 0.0000\n"
"		*TM_ROW1 0.0000 1.0000 0.0000\n"
"		*TM_ROW2 0.0000	0.0000 1.0000\n"
"		*TM_ROW3 0.0000	0.0000 0.0000\n"
"		*TM_POS  0.0000	0.0000 0.0000\n"
"		*TM_ROTAXIS -1.0000	-0.0000	-0.0000\n"
"		*TM_ROTANGLE 1.5708\n"
"		*TM_SCALE 1.0000	1.0000	1.0000\n"
"		*TM_SCALEAXIS 0.0000	0.0000	0.0000\n"
"		*TM_SCALEAXISANG 0.0000\n"
"	}\n"
"	*BOUNDINGBOX_MIN -0.5000	-0.5000	-0.5000\n"
"	*BOUNDINGBOX_MAX 0.5000	0.5000	0.5000\n"
"}\n"
"*HELPEROBJECT {\n"
"	*NODE_NAME \"Hips\"\n"
"	*NODE_PARENT \"Root\"\n"
"	*HELPER_CLASS \"Dummy\"\n"
"	*NODE_TM {\n"
"		*NODE_NAME \"Hips\"\n"
"		*INHERIT_POS 0 0 0\n"
"		*INHERIT_ROT 0 0 0\n"
"		*INHERIT_SCL 0 0 0\n"
"		*TM_ROW0 1.0000	0.0000	0.0000\n"
"		*TM_ROW1 -0.0000	0.4368	0.8996\n"
"		*TM_ROW2 0.0000	-0.8996	0.4368\n"
"		*TM_ROW3 0.0000	-0.1321	8.7428\n"
"		*TM_POS 0.0000	-0.1321	8.7428\n"
"		*TM_ROTAXIS -1.0000	-0.0000	-0.0000\n"
"		*TM_ROTANGLE 1.1188\n"
"		*TM_SCALE 1.0000	1.0000	1.0000\n"
"		*TM_SCALEAXIS 0.0000	0.0000	0.0000\n"
"		*TM_SCALEAXISANG 0.0000\n"
"	}\n"
"	*BOUNDINGBOX_MIN -0.5000	-0.8002	8.0746\n"
"	*BOUNDINGBOX_MAX 0.5000	0.5361	9.4110\n"
"}\n"
"*HELPEROBJECT {\n"
"	*NODE_NAME \"LHipJoint\"\n"
"	*NODE_PARENT \"Hips\"\n"
"	*HELPER_CLASS \"Dummy\"\n"
"	*NODE_TM {\n"
"		*NODE_NAME \"LHipJoint\"\n"
"		*INHERIT_POS 0 0 0\n"
"		*INHERIT_ROT 0 0 0\n"
"		*INHERIT_SCL 0 0 0\n"
"		*TM_ROW0 -0.1014	0.9479	-0.3019\n"
"		*TM_ROW1 0.9936	0.0811	-0.0793\n"
"		*TM_ROW2 -0.0506	-0.3080	-0.9500\n"
"		*TM_ROW3 0.0000	-0.1321	8.7428\n"
"		*TM_POS 0.0000	-0.1321	8.7428\n"
"		*TM_ROTAXIS -0.6672	-0.7329	0.1331\n"
"		*TM_ROTANGLE 2.9693\n"
"		*TM_SCALE 1.0000	1.0000	1.0000\n"
"		*TM_SCALEAXIS -0.9826	-0.0174	-0.1852\n"
"		*TM_SCALEAXISANG 0.0633\n"
"	}\n"
"	*BOUNDINGBOX_MIN -0.5728	-0.8005	8.0772\n"
"	*BOUNDINGBOX_MAX 0.5728	0.5364	9.4084\n"
"}\n"
"*HELPEROBJECT {\n"
"	*NODE_NAME \"LeftUpLeg\"\n"
"	*NODE_PARENT \"LHipJoint\"\n"
"	*HELPER_CLASS \"Dummy\"\n"
"	*NODE_TM {\n"
"		*NODE_NAME \"LeftUpLeg\"\n"
"		*INHERIT_POS 0 0 0\n"
"		*INHERIT_ROT 0 0 0\n"
"		*INHERIT_SCL 0 0 0\n"
"		*TM_ROW0 0.9943	-0.0138	0.1057\n"
"		*TM_ROW1 0.1042	-0.0823	-0.9911\n"
"		*TM_ROW2 0.0223	0.9965	-0.0804\n"
"		*TM_ROW3 1.0138	-0.0493	8.6620\n"
"		*TM_POS 1.0138	-0.0493	8.6620\n"
"		*TM_ROTAXIS 0.9974	0.0418	0.0592\n"
"		*TM_ROTANGLE 1.6551\n"
"		*TM_SCALE 1.0000	1.0000	1.0000\n"
"		*TM_SCALEAXIS 0.7309	0.6825	-0.0000\n"
"		*TM_SCALEAXISANG 0.1604\n"
"	}\n"
"	*BOUNDINGBOX_MIN 0.4534	-0.5956	8.0734\n"
"	*BOUNDINGBOX_MAX 1.5742	0.4970	9.2505\n"
"}\n"
"*HELPEROBJECT {\n"
"	*NODE_NAME \"LeftLeg\"\n"
"	*NODE_PARENT \"LeftUpLeg\"\n"
"	*HELPER_CLASS \"Dummy\"\n"
"	*NODE_TM {\n"
"		*NODE_NAME \"LeftLeg\"\n"
"		*INHERIT_POS 0 0 0\n"
"		*INHERIT_ROT 0 0 0\n"
"		*INHERIT_SCL 0 0 0\n"
"		*TM_ROW0 0.9956	-0.0016	0.0935\n"
"		*TM_ROW1 0.0935	0.0361	-0.9950\n"
"		*TM_ROW2 -0.0018	0.9993	0.0361\n"
"		*TM_ROW3 1.4248	-0.3738	4.7525\n"
"		*TM_POS 1.4248	-0.3738	4.7525\n"
"		*TM_ROTAXIS 0.9977	0.0477	0.0476\n"
"		*TM_ROTANGLE 1.5369\n"
"		*TM_SCALE 1.0000	1.0000	1.0000\n"
"		*TM_SCALEAXIS 0.9386	-0.3309	-0.0974\n"
"		*TM_SCALEAXISANG 0.3029\n"
"	}\n"
"	*BOUNDINGBOX_MIN 0.8794	-0.8923	4.1902\n"
"	*BOUNDINGBOX_MAX 1.9703	0.1447	5.3147\n"
"}\n"
"*HELPEROBJECT {\n"
"	*NODE_NAME \"LeftFoot\"\n"
"	*NODE_PARENT \"LeftLeg\"\n"
"	*HELPER_CLASS \"Dummy\"\n"
"	*NODE_TM {\n"
"		*NODE_NAME \"LeftFoot\"\n"
"		*INHERIT_POS 0 0 0\n"
"		*INHERIT_ROT 0 0 0\n"
"		*INHERIT_SCL 0 0 0\n"
"		*TM_ROW0 0.9910	0.0659	0.1167\n"
"		*TM_ROW1 0.1005	-0.9417	-0.3212\n"
"		*TM_ROW2 0.0888	0.3301	-0.9398\n"
"		*TM_ROW3 1.8058	-0.2268	0.6969\n"
"		*TM_POS 1.8058	-0.2268	0.6969\n"
"		*TM_ROTAXIS -0.9977	-0.0429	-0.0529\n"
"		*TM_ROTANGLE 3.4741\n"
"		*TM_SCALE 1.0000	1.0000	1.0000\n"
"		*TM_SCALEAXIS 0.9581	0.2862	-0.0126\n"
"		*TM_SCALEAXISANG 0.8157\n"
"	}\n"
"	*BOUNDINGBOX_MIN 1.2157	-0.8956	0.0081\n"
"	*BOUNDINGBOX_MAX 2.3959	0.4420	1.3858\n"
"}\n"
"*HELPEROBJECT {\n"
"	*NODE_NAME \"LeftToeBase\"\n"
"	*NODE_PARENT \"LeftFoot\"\n"
"	*HELPER_CLASS \"Dummy\"\n"
"	*NODE_TM {\n"
"		*NODE_NAME \"LeftToeBase\"\n"
"		*INHERIT_POS 0 0 0\n"
"		*INHERIT_ROT 0 0 0\n"
"		*INHERIT_SCL 0 0 0\n"
"		*TM_ROW0 0.9911	0.0730	0.1116\n"
"		*TM_ROW1 0.0879	-0.9869	-0.1351\n"
"		*TM_ROW2 0.1003	0.1437	-0.9845\n"
"		*TM_ROW3 1.9454	-1.5347	0.2508\n"
"		*TM_POS 1.9454	-1.5347	0.2508\n"
"		*TM_ROTAXIS -0.9978	-0.0405	-0.0533\n"
"		*TM_ROTANGLE 3.2817\n"
"		*TM_SCALE 1.0000	1.0000	1.0000\n"
"		*TM_SCALEAXIS 0.6868	0.6129	0.3907\n"
"		*TM_SCALEAXISANG 0.2988\n"
"	}\n"
"	*BOUNDINGBOX_MIN 1.3558	-2.1365	-0.3648\n"
"	*BOUNDINGBOX_MAX 2.5350	-0.9329	0.8664\n"
"}\n"
"*HELPEROBJECT {\n"
"	*NODE_NAME \"LowerBack\"\n"
"	*NODE_PARENT \"Hips\"\n"
"	*HELPER_CLASS \"Dummy\"\n"
"	*NODE_TM {\n"
"		*NODE_NAME \"LowerBack\"\n"
"		*INHERIT_POS 0 0 0\n"
"		*INHERIT_ROT 0 0 0\n"
"		*INHERIT_SCL 0 0 0\n"
"		*TM_ROW0 1.0000	0.0000	0.0000\n"
"		*TM_ROW1 -0.0000	-0.1205	0.9927\n"
"		*TM_ROW2 0.0000	-0.9927	-0.1205\n"
"		*TM_ROW3 -0.0000	0.2553	9.5405\n"
"		*TM_POS -0.0000	0.2553	9.5405\n"
"		*TM_ROTAXIS -1.0000	0.0000	-0.0000\n"
"		*TM_ROTANGLE 1.6916\n"
"		*TM_SCALE 1.0000	1.0000	1.0000\n"
"		*TM_SCALEAXIS 0.0000	0.0000	0.0000\n"
"		*TM_SCALEAXISANG 0.0000\n"
"	}\n"
"	*BOUNDINGBOX_MIN -0.5000	-0.3013	8.9839\n"
"	*BOUNDINGBOX_MAX 0.5000	0.8119	10.0971\n"
"}\n"
"*HELPEROBJECT {\n"
"	*NODE_NAME \"Spine\"\n"
"	*NODE_PARENT \"LowerBack\"\n"
"	*HELPER_CLASS \"Dummy\"\n"
"	*NODE_TM {\n"
"		*NODE_NAME \"Spine\"\n"
"		*INHERIT_POS 0 0 0\n"
"		*INHERIT_ROT 0 0 0\n"
"		*INHERIT_SCL 0 0 0\n"
"		*TM_ROW0 1.0000	0.0000	0.0000\n"
"		*TM_ROW1 -0.0000	0.0715	0.9974\n"
"		*TM_ROW2 0.0000	-0.9974	0.0715\n"
"		*TM_ROW3 -0.0000	0.0838	10.9537\n"
"		*TM_POS -0.0000	0.0838	10.9537\n"
"		*TM_ROTAXIS -1.0000	0.0000	-0.0000\n"
"		*TM_ROTANGLE 1.4992\n"
"		*TM_SCALE 1.0000	1.0000	1.0000\n"
"		*TM_SCALEAXIS 0.0000	0.0000	0.0000\n"
"		*TM_SCALEAXISANG 0.0000\n"
"	}\n"
"	*BOUNDINGBOX_MIN -0.5000	-0.4507	10.4192\n"
"	*BOUNDINGBOX_MAX 0.5000	0.6183	11.4881\n"
"}\n"
"*HELPEROBJECT {\n"
"	*NODE_NAME \"Spine1\"\n"
"	*NODE_PARENT \"Spine\"\n"
"	*HELPER_CLASS \"Dummy\"\n"
"	*NODE_TM {\n"
"		*NODE_NAME \"Spine1\"\n"
"		*INHERIT_POS 0 0 0\n"
"		*INHERIT_ROT 0 0 0\n"
"		*INHERIT_SCL 0 0 0\n"
"		*TM_ROW0 1.0000	0.0000	0.0000\n"
"		*TM_ROW1 -0.0000	-0.1348	0.9909\n"
"		*TM_ROW2 0.0000	-0.9909	-0.1348\n"
"		*TM_ROW3 -0.0000	0.1870	12.3928\n"
"		*TM_POS -0.0000	0.1870	12.3928\n"
"		*TM_ROTAXIS -1.0000	0.0000	-0.0000\n"
"		*TM_ROTANGLE 1.7061\n"
"		*TM_SCALE 1.0000	1.0000	1.0000\n"
"		*TM_SCALEAXIS 0.0000	0.0000	0.0000\n"
"		*TM_SCALEAXISANG 0.0000\n"
"	}\n"
"	*BOUNDINGBOX_MIN -0.5000	-0.3759	11.8300\n"
"	*BOUNDINGBOX_MAX 0.5000	0.7498	12.9557\n"
"}\n"
"*HELPEROBJECT {\n"
"	*NODE_NAME \"LeftShoulder\"\n"
"	*NODE_PARENT \"Spine1\"\n"
"	*HELPER_CLASS \"Dummy\"\n"
"	*NODE_TM {\n"
"		*NODE_NAME \"LeftShoulder\"\n"
"		*INHERIT_POS 0 0 0\n"
"		*INHERIT_ROT 0 0 0\n"
"		*INHERIT_SCL 0 0 0\n"
"		*TM_ROW0 -0.1507	-0.0669	-0.9863\n"
"		*TM_ROW1 0.9882	0.0155	-0.1521\n"
"		*TM_ROW2 0.0255	-0.9976	0.0638\n"
"		*TM_ROW3 0.2274	-0.2162	13.4311\n"
"		*TM_POS 0.2274	-0.2162	13.4311\n"
"		*TM_ROTAXIS 0.5007	0.5991	-0.6248\n"
"		*TM_ROTANGLE 4.1470\n"
"		*TM_SCALE 1.0000	1.0000	1.0000\n"
"		*TM_SCALEAXIS -0.1567	0.3363	-0.9286\n"
"		*TM_SCALEAXISANG 0.0890\n"
"	}\n"
"	*BOUNDINGBOX_MIN -0.3549	-0.7562	12.8300\n"
"	*BOUNDINGBOX_MAX 0.8096	0.3238	14.0321\n"
"}\n"
"*HELPEROBJECT {\n"
"	*NODE_NAME \"LeftArm\"\n"
"	*NODE_PARENT \"LeftShoulder\"\n"
"	*HELPER_CLASS \"Dummy\"\n"
"	*NODE_TM {\n"
"		*NODE_NAME \"LeftArm\"\n"
"		*INHERIT_POS 0 0 0\n"
"		*INHERIT_ROT 0 0 0\n"
"		*INHERIT_SCL 0 0 0\n"
"		*TM_ROW0 -0.7452	-0.0445	-0.6654\n"
"		*TM_ROW1 0.6662	-0.0034	-0.7458\n"
"		*TM_ROW2 0.0309	-0.9990	0.0321\n"
"		*TM_ROW3 1.7004	-0.1931	13.2044\n"
"		*TM_POS 1.7004	-0.1931	13.2044\n"
"		*TM_ROTAXIS 0.2466	0.6783	-0.6922\n"
"		*TM_ROTANGLE 3.6806\n"
"		*TM_SCALE 1.0000	1.0000	1.0000\n"
"		*TM_SCALEAXIS 0.0000	0.1521	-0.9884\n"
"		*TM_SCALEAXISANG 0.2352\n"
"	}\n"
"	*BOUNDINGBOX_MIN 0.9793	-0.7165	12.4827\n"
"	*BOUNDINGBOX_MAX 2.4215	0.3303	13.9261\n"
"}\n"
"*HELPEROBJECT {\n"
"	*NODE_NAME \"LeftForeArm\"\n"
"	*NODE_PARENT \"LeftArm\"\n"
"	*HELPER_CLASS \"Dummy\"\n"
"	*NODE_TM {\n"
"		*NODE_NAME \"LeftForeArm\"\n"
"		*INHERIT_POS 0 0 0\n"
"		*INHERIT_ROT 0 0 0\n"
"		*INHERIT_SCL 0 0 0\n"
"		*TM_ROW0 -0.7413	-0.0442	-0.6697\n"
"		*TM_ROW1 0.5111	-0.6839	-0.5206\n"
"		*TM_ROW2 -0.4350	-0.7283	0.5296\n"
"		*TM_ROW3 3.3135	-0.2013	11.3984\n"
"		*TM_POS 3.3135	-0.2013	11.3984\n"
"		*TM_ROTAXIS 0.3256	0.3681	-0.8709\n"
"		*TM_ROTANGLE 3.4661\n"
"		*TM_SCALE 1.0000	1.0000	1.0000\n"
"		*TM_SCALEAXIS 0.7071	0.0000	-0.7071\n"
"		*TM_SCALEAXISANG 0.5416\n"
"	}\n"
"	*BOUNDINGBOX_MIN 2.4698	-0.9295	10.5385\n"
"	*BOUNDINGBOX_MAX 4.1572	0.5269	12.2584\n"
"}\n"
"*HELPEROBJECT {\n"
"	*NODE_NAME \"LeftHand\"\n"
"	*NODE_PARENT \"LeftForeArm\"\n"
"	*HELPER_CLASS \"Dummy\"\n"
"	*NODE_TM {\n"
"		*NODE_NAME \"LeftHand\"\n"
"		*INHERIT_POS 0 0 0\n"
"		*INHERIT_ROT 0 0 0\n"
"		*INHERIT_SCL 0 0 0\n"
"		*TM_ROW0 -0.7788	0.0556	-0.6248\n"
"		*TM_ROW1 0.3322	-0.8084	-0.4860\n"
"		*TM_ROW2 -0.5322	-0.5860	0.6110\n"
"		*TM_ROW3 4.5332	-1.8331	10.1562\n"
"		*TM_POS 4.5332	-1.8331	10.1562\n"
"		*TM_ROTAXIS 0.3245	0.3006	-0.8969\n"
"		*TM_ROTANGLE 3.2964\n"
"		*TM_SCALE 1.0000	1.0000	1.0000\n"
"		*TM_SCALEAXIS 0.3789	-0.1482	-0.9135\n"
"		*TM_SCALEAXISANG 0.8094\n"
"	}\n"
"	*BOUNDINGBOX_MIN 3.7116	-2.5581	9.2952\n"
"	*BOUNDINGBOX_MAX 5.3547	-1.1080	11.0171\n"
"}\n"
"*HELPEROBJECT {\n"
"	*NODE_NAME \"LThumb\"\n"
"	*NODE_PARENT \"LeftHand\"\n"
"	*HELPER_CLASS \"Dummy\"\n"
"	*NODE_TM {\n"
"		*NODE_NAME \"LThumb\"\n"
"		*INHERIT_POS 0 0 0\n"
"		*INHERIT_ROT 0 0 0\n"
"		*INHERIT_SCL 0 0 0\n"
"		*TM_ROW0 0.7038	-0.7100	0.0209\n"
"		*TM_ROW1 -0.6774	-0.6797	-0.2813\n"
"		*TM_ROW2 0.2139	0.1839	-0.9594\n"
"		*TM_ROW3 4.5441	-2.2717	10.0808\n"
"		*TM_POS 4.5441	-2.2717	10.0808\n"
"		*TM_ROTAXIS -0.9217	0.3825	-0.0647\n"
"		*TM_ROTANGLE 3.3967\n"
"		*TM_SCALE 1.0000	1.0000	1.0000\n"
"		*TM_SCALEAXIS 0.0244	0.9986	0.0477\n"
"		*TM_SCALEAXISANG 0.5758\n"
"	}\n"
"	*BOUNDINGBOX_MIN 3.7466	-3.0585	9.4500\n"
"	*BOUNDINGBOX_MAX 5.3417	-1.4849	10.7116\n"
"}\n"
"*HELPEROBJECT {\n"
"	*NODE_NAME \"LeftFingerBase\"\n"
"	*NODE_PARENT \"LeftHand\"\n"
"	*HELPER_CLASS \"Dummy\"\n"
"	*NODE_TM {\n"
"		*NODE_NAME \"LeftFingerBase\"\n"
"		*INHERIT_POS 0 0 0\n"
"		*INHERIT_ROT 0 0 0\n"
"		*INHERIT_SCL 0 0 0\n"
"		*TM_ROW0 0.7682	0.3799	-0.5153\n"
"		*TM_ROW1 0.2284	-0.9146	-0.3336\n"
"		*TM_ROW2 -0.5981	0.1386	-0.7894\n"
"		*TM_ROW3 4.6403	-2.0937	9.9994\n"
"		*TM_POS 4.6403	-2.0937	9.9994\n"
"		*TM_ROTAXIS -0.9393	-0.1646	0.3012\n"
"		*TM_ROTANGLE 3.3957\n"
"		*TM_SCALE 1.0000	1.0000	1.0000\n"
"		*TM_SCALEAXIS -0.1235	-0.8172	-0.5629\n"
"		*TM_SCALEAXISANG 0.8365\n"
"	}\n"
"	*BOUNDINGBOX_MIN 3.8429	-2.8102	9.1803\n"
"	*BOUNDINGBOX_MAX 5.4376	-1.3772	10.8186\n"
"}\n"
"*HELPEROBJECT {\n"
"	*NODE_NAME \"LeftHandFinger1\"\n"
"	*NODE_PARENT \"LeftFingerBase\"\n"
"	*HELPER_CLASS \"Dummy\"\n"
"	*NODE_TM {\n"
"		*NODE_NAME \"LeftHandFinger1\"\n"
"		*INHERIT_POS 0 0 0\n"
"		*INHERIT_ROT 0 0 0\n"
"		*INHERIT_SCL 0 0 0\n"
"		*TM_ROW0 0.7445	0.4673	-0.4767\n"
"		*TM_ROW1 0.1296	-0.8017	-0.5835\n"
"		*TM_ROW2 -0.6549	0.3727	-0.6574\n"
"		*TM_ROW3 4.8109	-2.7767	9.7503\n"
"		*TM_POS 4.8109	-2.7767	9.7503\n"
"		*TM_ROTAXIS -0.9287	-0.1730	0.3280\n"
"		*TM_ROTANGLE 3.6824\n"
"		*TM_SCALE 1.0000	1.0000	1.0000\n"
"		*TM_SCALEAXIS -0.3618	0.2887	0.8865\n"
"		*TM_SCALEAXISANG 0.8360\n"
"	}\n"
"	*BOUNDINGBOX_MIN 4.0464	-3.5976	8.8914\n"
"	*BOUNDINGBOX_MAX 5.5754	-1.9559	10.6091\n"
"}\n"
"*HELPEROBJECT {\n"
"	*NODE_NAME \"Neck\"\n"
"	*NODE_PARENT \"Spine1\"\n"
"	*HELPER_CLASS \"Dummy\"\n"
"	*NODE_TM {\n"
"		*NODE_NAME \"Neck\"\n"
"		*INHERIT_POS 0 0 0\n"
"		*INHERIT_ROT 0 0 0\n"
"		*INHERIT_SCL 0 0 0\n"
"		*TM_ROW0 1.0000	-0.0000	0.0000\n"
"		*TM_ROW1 -0.0000	-0.3620	0.9322\n"
"		*TM_ROW2 -0.0000	-0.9322	-0.3620\n"
"		*TM_ROW3 -0.0000	-0.0511	14.1426\n"
"		*TM_POS -0.0000	-0.0511	14.1426\n"
"		*TM_ROTAXIS -1.0000	0.0000	0.0000\n"
"		*TM_ROTANGLE 1.9412\n"
"		*TM_SCALE 1.0000	1.0000	1.0000\n"
"		*TM_SCALEAXIS 0.0000	0.0000	0.0000\n"
"		*TM_SCALEAXISANG 0.0000\n"
"	}\n"
"	*BOUNDINGBOX_MIN -0.5000	-0.6982	13.4955\n"
"	*BOUNDINGBOX_MAX 0.5000	0.5960	14.7897\n"
"}\n"
"*HELPEROBJECT {\n"
"	*NODE_NAME \"Neck1\"\n"
"	*NODE_PARENT \"Neck\"\n"
"	*HELPER_CLASS \"Dummy\"\n"
"	*NODE_TM {\n"
"		*NODE_NAME \"Neck1\"\n"
"		*INHERIT_POS 0 0 0\n"
"		*INHERIT_ROT 0 0 0\n"
"		*INHERIT_SCL 0 0 0\n"
"		*TM_ROW0 1.0000	-0.0000	0.0000\n"
"		*TM_ROW1 -0.0000	-0.3620	0.9322\n"
"		*TM_ROW2 0.0000	-0.9322	-0.3620\n"
"		*TM_ROW3 -0.0000	-0.2470	14.6470\n"
"		*TM_POS -0.0000	-0.2470	14.6470\n"
"		*TM_ROTAXIS -1.0000	0.0000	-0.0000\n"
"		*TM_ROTANGLE 1.9412\n"
"		*TM_SCALE 1.0000	1.0000	1.0000\n"
"		*TM_SCALEAXIS 0.0000	0.0000	0.0000\n"
"		*TM_SCALEAXISANG 0.0000\n"
"	}\n"
"	*BOUNDINGBOX_MIN -0.5000	-0.8941	13.9999\n"
"	*BOUNDINGBOX_MAX 0.5000	0.4001	15.2941\n"
"}\n"
"*HELPEROBJECT {\n"
"	*NODE_NAME \"Head\"\n"
"	*NODE_PARENT \"Neck1\"\n"
"	*HELPER_CLASS \"Dummy\"\n"
"	*NODE_TM {\n"
"		*NODE_NAME \"Head\"\n"
"		*INHERIT_POS 0 0 0\n"
"		*INHERIT_ROT 0 0 0\n"
"		*INHERIT_SCL 0 0 0\n"
"		*TM_ROW0 1.0000	0.0000	0.0000\n"
"		*TM_ROW1 -0.0000	0.0468	0.9989\n"
"		*TM_ROW2 0.0000	-0.9989	0.0468\n"
"		*TM_ROW3 -0.0000	-0.4429	15.1513\n"
"		*TM_POS -0.0000	-0.4429	15.1513\n"
"		*TM_ROTAXIS -1.0000	0.0000	-0.0000\n"
"		*TM_ROTANGLE 1.5240\n"
"		*TM_SCALE 1.0000	1.0000	1.0000\n"
"		*TM_SCALEAXIS 0.0000	0.0000	0.0000\n"
"		*TM_SCALEAXISANG 0.0000\n"
"	}\n"
"	*BOUNDINGBOX_MIN -0.5000	-0.9657	14.6285\n"
"	*BOUNDINGBOX_MAX 0.5000	0.0800	15.6742\n"
"}\n"
"*HELPEROBJECT {\n"
"	*NODE_NAME \"RightShoulder\"\n"
"	*NODE_PARENT \"Spine1\"\n"
"	*HELPER_CLASS \"Dummy\"\n"
"	*NODE_TM {\n"
"		*NODE_NAME \"RightShoulder\"\n"
"		*INHERIT_POS 0 0 0\n"
"		*INHERIT_ROT 0 0 0\n"
"		*INHERIT_SCL 0 0 0\n"
"		*TM_ROW0 -0.1507	0.0669	0.9863\n"
"		*TM_ROW1 -0.9882	0.0155	-0.1521\n"
"		*TM_ROW2 -0.0255	-0.9976	0.0638\n"
"		*TM_ROW3 -0.2274	-0.2162	13.4311\n"
"		*TM_POS -0.2274	-0.2162	13.4311\n"
"		*TM_ROTAXIS -0.5007	0.5991	-0.6248\n"
"		*TM_ROTANGLE 2.1362\n"
"		*TM_SCALE 1.0000	1.0000	1.0000\n"
"		*TM_SCALEAXIS 0.0147	-0.3534	0.9354\n"
"		*TM_SCALEAXISANG 0.0883\n"
"	}\n"
"	*BOUNDINGBOX_MIN -0.8096	-0.7562	12.8300\n"
"	*BOUNDINGBOX_MAX 0.3549	0.3238	14.0321\n"
"}\n"
"*HELPEROBJECT {\n"
"	*NODE_NAME \"RightArm\"\n"
"	*NODE_PARENT \"RightShoulder\"\n"
"	*HELPER_CLASS \"Dummy\"\n"
"	*NODE_TM {\n"
"		*NODE_NAME \"RightArm\"\n"
"		*INHERIT_POS 0 0 0\n"
"		*INHERIT_ROT 0 0 0\n"
"		*INHERIT_SCL 0 0 0\n"
"		*TM_ROW0 -0.7452	0.0445	0.6654\n"
"		*TM_ROW1 -0.6662	-0.0034	-0.7458\n"
"		*TM_ROW2 -0.0309	-0.9990	0.0321\n"
"		*TM_ROW3 -1.7004	-0.1931	13.2044\n"
"		*TM_POS -1.7004	-0.1931	13.2044\n"
"		*TM_ROTAXIS -0.2466	0.6783	-0.6922\n"
"		*TM_ROTANGLE 2.6025\n"
"		*TM_SCALE 1.0000	1.0000	1.0000\n"
"		*TM_SCALEAXIS -0.1103	-0.0000	-0.9939\n"
"		*TM_SCALEAXISANG 0.3235\n"
"	}\n"
"	*BOUNDINGBOX_MIN -2.4215	-0.7165	12.4827\n"
"	*BOUNDINGBOX_MAX -0.9793	0.3303	13.9261\n"
"}\n"
"*HELPEROBJECT {\n"
"	*NODE_NAME \"RightForeArm\"\n"
"	*NODE_PARENT \"RightArm\"\n"
"	*HELPER_CLASS \"Dummy\"\n"
"	*NODE_TM {\n"
"		*NODE_NAME \"RightForeArm\"\n"
"		*INHERIT_POS 0 0 0\n"
"		*INHERIT_ROT 0 0 0\n"
"		*INHERIT_SCL 0 0 0\n"
"		*TM_ROW0 -0.7413	0.0442	0.6697\n"
"		*TM_ROW1 -0.5111	-0.6839	-0.5206\n"
"		*TM_ROW2 0.4350	-0.7283	0.5296\n"
"		*TM_ROW3 -3.3135	-0.2013	11.3984\n"
"		*TM_POS -3.3135	-0.2013	11.3984\n"
"		*TM_ROTAXIS -0.3256	0.3681	-0.8709\n"
"		*TM_ROTANGLE 2.8171\n"
"		*TM_SCALE 1.0000	1.0000	1.0000\n"
"		*TM_SCALEAXIS -0.0000	-0.7071	0.7071\n"
"		*TM_SCALEAXISANG 0.6155\n"
"	}\n"
"	*BOUNDINGBOX_MIN -4.1572	-0.9295	10.5385\n"
"	*BOUNDINGBOX_MAX -2.4698	0.5269	12.2584\n"
"}\n"
"*HELPEROBJECT {\n"
"	*NODE_NAME \"RightHand\"\n"
"	*NODE_PARENT \"RightForeArm\"\n"
"	*HELPER_CLASS \"Dummy\"\n"
"	*NODE_TM {\n"
"		*NODE_NAME \"RightHand\"\n"
"		*INHERIT_POS 0 0 0\n"
"		*INHERIT_ROT 0 0 0\n"
"		*INHERIT_SCL 0 0 0\n"
"		*TM_ROW0 -0.7788	-0.0556	0.6248\n"
"		*TM_ROW1 -0.3322	-0.8084	-0.4860\n"
"		*TM_ROW2 0.5322	-0.5860	0.6110\n"
"		*TM_ROW3 -4.5332	-1.8331	10.1562\n"
"		*TM_POS -4.5332	-1.8331	10.1562\n"
"		*TM_ROTAXIS -0.3245	0.3006	-0.8969\n"
"		*TM_ROTANGLE 2.9868\n"
"		*TM_SCALE 1.0000	1.0000	1.0000\n"
"		*TM_SCALEAXIS 0.6788	0.0350	-0.7335\n"
"		*TM_SCALEAXISANG 0.7222\n"
"	}\n"
"	*BOUNDINGBOX_MIN -5.3547	-2.5581	9.2952\n"
"	*BOUNDINGBOX_MAX -3.7116	-1.1080	11.0171\n"
"}\n"
"*HELPEROBJECT {\n"
"	*NODE_NAME \"RThumb\"\n"
"	*NODE_PARENT \"RightHand\"\n"
"	*HELPER_CLASS \"Dummy\"\n"
"	*NODE_TM {\n"
"		*NODE_NAME \"RThumb\"\n"
"		*INHERIT_POS 0 0 0\n"
"		*INHERIT_ROT 0 0 0\n"
"		*INHERIT_SCL 0 0 0\n"
"		*TM_ROW0 0.7038	0.7100	-0.0209\n"
"		*TM_ROW1 0.6774	-0.6797	-0.2813\n"
"		*TM_ROW2 -0.2139	0.1839	-0.9594\n"
"		*TM_ROW3 -4.5441	-2.2717	10.0808\n"
"		*TM_POS -4.5441	-2.2717	10.0808\n"
"		*TM_ROTAXIS -0.9217	-0.3825	0.0647\n"
"		*TM_ROTANGLE 3.3967\n"
"		*TM_SCALE 1.0000	1.0000	1.0000\n"
"		*TM_SCALEAXIS 1.0000	0.0000	-0.0041\n"
"		*TM_SCALEAXISANG 0.5538\n"
"	}\n"
"	*BOUNDINGBOX_MIN -5.3417	-3.0585	9.4500\n"
"	*BOUNDINGBOX_MAX -3.7466	-1.4849	10.7116\n"
"}\n"
"*HELPEROBJECT {\n"
"	*NODE_NAME \"RightFingerBase\"\n"
"	*NODE_PARENT \"RightHand\"\n"
"	*HELPER_CLASS \"Dummy\"\n"
"	*NODE_TM {\n"
"		*NODE_NAME \"RightFingerBase\"\n"
"		*INHERIT_POS 0 0 0\n"
"		*INHERIT_ROT 0 0 0\n"
"		*INHERIT_SCL 0 0 0\n"
"		*TM_ROW0 0.7682	-0.3799	0.5153\n"
"		*TM_ROW1 -0.2284	-0.9146	-0.3336\n"
"		*TM_ROW2 0.5981	0.1386	-0.7894\n"
"		*TM_ROW3 -4.6403	-2.0937	9.9994\n"
"		*TM_POS -4.6403	-2.0937	9.9994\n"
"		*TM_ROTAXIS -0.9393	0.1646	-0.3012\n"
"		*TM_ROTANGLE 3.3957\n"
"		*TM_SCALE 1.0000	1.0000	1.0000\n"
"		*TM_SCALEAXIS -0.5556	-0.6125	0.5623\n"
"		*TM_SCALEAXISANG 0.8965\n"
"	}\n"
"	*BOUNDINGBOX_MIN -5.4376	-2.8102	9.1803\n"
"	*BOUNDINGBOX_MAX -3.8429	-1.3772	10.8186\n"
"}\n"
"*HELPEROBJECT {\n"
"	*NODE_NAME \"RightHandFinger1\"\n"
"	*NODE_PARENT \"RightFingerBase\"\n"
"	*HELPER_CLASS \"Dummy\"\n"
"	*NODE_TM {\n"
"		*NODE_NAME \"RightHandFinger1\"\n"
"		*INHERIT_POS 0 0 0\n"
"		*INHERIT_ROT 0 0 0\n"
"		*INHERIT_SCL 0 0 0\n"
"		*TM_ROW0 0.7445	-0.4673	0.4767\n"
"		*TM_ROW1 -0.1296	-0.8017	-0.5835\n"
"		*TM_ROW2 0.6549	0.3727	-0.6574\n"
"		*TM_ROW3 -4.8109	-2.7767	9.7503\n"
"		*TM_POS -4.8109	-2.7767	9.7503\n"
"		*TM_ROTAXIS -0.9287	0.1730	-0.3280\n"
"		*TM_ROTANGLE 3.6824\n"
"		*TM_SCALE 1.0000	1.0000	1.0000\n"
"		*TM_SCALEAXIS 0.1612	-0.9069	0.3892\n"
"		*TM_SCALEAXISANG 0.8568\n"
"	}\n"
"	*BOUNDINGBOX_MIN -5.5754	-3.5976	8.8914\n"
"	*BOUNDINGBOX_MAX -4.0464	-1.9559	10.6091\n"
"}\n"
"*HELPEROBJECT {\n"
"	*NODE_NAME \"RHipJoint\"\n"
"	*NODE_PARENT \"Hips\"\n"
"	*HELPER_CLASS \"Dummy\"\n"
"	*NODE_TM {\n"
"		*NODE_NAME \"RHipJoint\"\n"
"		*INHERIT_POS 0 0 0\n"
"		*INHERIT_ROT 0 0 0\n"
"		*INHERIT_SCL 0 0 0\n"
"		*TM_ROW0 -0.1014	-0.9479	0.3019\n"
"		*TM_ROW1 -0.9936	0.0811	-0.0793\n"
"		*TM_ROW2 0.0506	-0.3080	-0.9500\n"
"		*TM_ROW3 0.0000	-0.1321	8.7428\n"
"		*TM_POS 0.0000	-0.1321	8.7428\n"
"		*TM_ROTAXIS 0.6672	-0.7329	0.1331\n"
"		*TM_ROTANGLE 3.3138\n"
"		*TM_SCALE 1.0000	1.0000	1.0000\n"
"		*TM_SCALEAXIS -0.9826	0.0174	0.1852\n"
"		*TM_SCALEAXISANG 0.0633\n"
"	}\n"
"	*BOUNDINGBOX_MIN -0.5728	-0.8005	8.0772\n"
"	*BOUNDINGBOX_MAX 0.5728	0.5364	9.4084\n"
"}\n"
"*HELPEROBJECT {\n"
"	*NODE_NAME \"RightUpLeg\"\n"
"	*NODE_PARENT \"RHipJoint\"\n"
"	*HELPER_CLASS \"Dummy\"\n"
"	*NODE_TM {\n"
"		*NODE_NAME \"RightUpLeg\"\n"
"		*INHERIT_POS 0 0 0\n"
"		*INHERIT_ROT 0 0 0\n"
"		*INHERIT_SCL 0 0 0\n"
"		*TM_ROW0 0.9943	0.0138	-0.1057\n"
"		*TM_ROW1 -0.1042	-0.0823	-0.9911\n"
"		*TM_ROW2 -0.0223	0.9965	-0.0804\n"
"		*TM_ROW3 -1.0138	-0.0493	8.6620\n"
"		*TM_POS -1.0138	-0.0493	8.6620\n"
"		*TM_ROTAXIS 0.9974	-0.0418	-0.0592\n"
"		*TM_ROTANGLE 1.6551\n"
"		*TM_SCALE 1.0000	1.0000	1.0000\n"
"		*TM_SCALEAXIS 0.7309	-0.6825	-0.0000\n"
"		*TM_SCALEAXISANG 0.1604\n"
"	}\n"
"	*BOUNDINGBOX_MIN -1.5742	-0.5956	8.0734\n"
"	*BOUNDINGBOX_MAX -0.4534	0.4970	9.2505\n"
"}\n"
"*HELPEROBJECT {\n"
"	*NODE_NAME \"RightLeg\"\n"
"	*NODE_PARENT \"RightUpLeg\"\n"
"	*HELPER_CLASS \"Dummy\"\n"
"	*NODE_TM {\n"
"		*NODE_NAME \"RightLeg\"\n"
"		*INHERIT_POS 0 0 0\n"
"		*INHERIT_ROT 0 0 0\n"
"		*INHERIT_SCL 0 0 0\n"
"		*TM_ROW0 0.9956	0.0016	-0.0935\n"
"		*TM_ROW1 -0.0935	0.0361	-0.9950\n"
"		*TM_ROW2 0.0018	0.9993	0.0361\n"
"		*TM_ROW3 -1.4248	-0.3738	4.7525\n"
"		*TM_POS -1.4248	-0.3738	4.7525\n"
"		*TM_ROTAXIS 0.9977	-0.0477	-0.0476\n"
"		*TM_ROTANGLE 1.5369\n"
"		*TM_SCALE 1.0000	1.0000	1.0000\n"
"		*TM_SCALEAXIS 0.9386	0.3309	0.0974\n"
"		*TM_SCALEAXISANG 0.3029\n"
"	}\n"
"	*BOUNDINGBOX_MIN -1.9703	-0.8923	4.1902\n"
"	*BOUNDINGBOX_MAX -0.8794	0.1447	5.3147\n"
"}\n"
"*HELPEROBJECT {\n"
"	*NODE_NAME \"RightFoot\"\n"
"	*NODE_PARENT \"RightLeg\"\n"
"	*HELPER_CLASS \"Dummy\"\n"
"	*NODE_TM {\n"
"		*NODE_NAME \"RightFoot\"\n"
"		*INHERIT_POS 0 0 0\n"
"		*INHERIT_ROT 0 0 0\n"
"		*INHERIT_SCL 0 0 0\n"
"		*TM_ROW0 0.9910	-0.0659	-0.1167\n"
"		*TM_ROW1 -0.1005	-0.9417	-0.3212\n"
"		*TM_ROW2 -0.0888	0.3301	-0.9398\n"
"		*TM_ROW3 -1.8058	-0.2268	0.6969\n"
"		*TM_POS -1.8058	-0.2268	0.6969\n"
"		*TM_ROTAXIS -0.9977	0.0429	0.0529\n"
"		*TM_ROTANGLE 3.4741\n"
"		*TM_SCALE 1.0000	1.0000	1.0000\n"
"		*TM_SCALEAXIS 0.9581	-0.2862	0.0126\n"
"		*TM_SCALEAXISANG 0.8157\n"
"	}\n"
"	*BOUNDINGBOX_MIN -2.3959	-0.8956	0.0081\n"
"	*BOUNDINGBOX_MAX -1.2157	0.4420	1.3858\n"
"}\n"
"*HELPEROBJECT {\n"
"	*NODE_NAME \"RightToeBase\"\n"
"	*NODE_PARENT \"RightFoot\"\n"
"	*HELPER_CLASS \"Dummy\"\n"
"	*NODE_TM {\n"
"		*NODE_NAME \"RightToeBase\"\n"
"		*INHERIT_POS 0 0 0\n"
"		*INHERIT_ROT 0 0 0\n"
"		*INHERIT_SCL 0 0 0\n"
"		*TM_ROW0 0.9911	-0.0730	-0.1116\n"
"		*TM_ROW1 -0.0879	-0.9869	-0.1351\n"
"		*TM_ROW2 -0.1003	0.1437	-0.9845\n"
"		*TM_ROW3 -1.9454	-1.5347	0.2508\n"
"		*TM_POS -1.9454	-1.5347	0.2508\n"
"		*TM_ROTAXIS -0.9978	0.0405	0.0533\n"
"		*TM_ROTANGLE 3.2817\n"
"		*TM_SCALE 1.0000	1.0000	1.0000\n"
"		*TM_SCALEAXIS 0.6868	-0.6129	-0.3907\n"
"		*TM_SCALEAXISANG 0.2988\n"
"	}\n"
"	*BOUNDINGBOX_MIN -2.5350	-2.1365	-0.3648\n"
"	*BOUNDINGBOX_MAX -1.3558	-0.9329	0.8664\n"
"}"
;