#ifndef __G_SKELETON_H__
#define __G_SKELETON_H__

#include "rigging_dock.h"

const RiggingSystemDock::skvector_t g_skeleton = {
  {
    {
      {0.000000, -1.000000, 0.000000 0.000000},
      {0.000000, 0.000000, 1.000000 0.000000},
      {-1.000000, 0.000000, 0.000000 0.000000},
      {0.000000, 0.000000, 0.000000 1.000000}
    },
	"Root",
    -1
  },
  {
    {
      {-0.999999, -0.000301, 0.001309 0.000000},
      {0.001309, -0.436994, 0.899505 0.000000},
      {0.000301, 0.899506, 0.436994 0.000000},
      {0.000000, 0.012041, -0.316247 1.000000}
    },
	"Hips",
    0
  },
  {
    {
      {-0.101400, 0.993607, -0.050685 0.000000},
      {0.142453, -0.035924, -0.989149 0.000000},
      {-0.984601, -0.107525, -0.137891 0.000000},
      {0.000000, 0.000000, 0.000000 1.000000}
    },
	"LHipJoint",
    1
  },
  {
    {
      {-0.145814, 0.210650, 0.966590 0.000000},
      {0.978435, 0.175354, 0.109366 0.000000},
      {-0.146476, 0.961636, -0.231678 0.000000},
      {0.000475, 0.080475, 0.000475 1.000000}
    },
	"LeftUpLeg",
    2
  },
  {
    {
      {0.999830, -0.012673, -0.011674 0.000000},
      {0.011205, 0.992917, -0.118199 0.000000},
      {0.013090, 0.118057, 0.992862 0.000000},
      {0.000475, 0.050475, 0.000475 1.000000}
    },
	"LeftLeg",
    3
  },
  {
    {
      {0.997446, 0.071462, -0.000059 0.000000},
      {-0.021079, 0.294997, 0.955325 0.000000},
      {0.068283, -0.952822, 0.295768 0.000000},
      {0.000475, 0.100475, 0.000475 1.000000}
    },
	"LeftFoot",
    4
  },
  {
    {
      {1.000015, 0.006272, -0.006140 0.000000},
      {-0.004984, 0.981592, 0.191037 0.000000},
      {0.007225, -0.191003, 0.981563 0.000000},
      {0.000475, 0.050475, 0.000475 1.000000}
    },
	"LeftToeBase",
    5
  },
  {
    {
      {1.000000, 0.000000, 0.000000 0.000000},
      {0.000000, 0.840398, -0.542013 0.000000},
      {0.000000, 0.542013, 0.840398 0.000000},
      {0.000021, 0.057271, 0.008940 1.000000}
    },
	"LowerBack",
    1
  },
  {
    {
      {1.000000, 0.000000, 0.000000 0.000000},
      {0.000000, 0.981503, 0.191165 0.000000},
      {0.000000, -0.191165, 0.981503 0.000000},
      {-0.000048, 0.054954, -0.006456 1.000000}
    },
	"Spine",
    7
  },
  {
    {
      {1.000000, 0.000000, 0.000000 0.000000},
      {0.000000, 0.978685, -0.205299 0.000000},
      {0.000000, 0.205299, 0.978685 0.000000},
      {-0.000022, 0.047021, -0.001332 1.000000}
    },
	"Spine1",
    8
  },
  {
    {
      {-0.150700, 0.988210, 0.025465 0.000000},
      {-0.968306, -0.152742, 0.197672 0.000000},
      {0.199244, 0.005131, 0.979927 0.000000},
      {0.020475, 0.100475, -0.019525 1.000000}
    },
	"LeftShoulder",
    9
  },
  {
    {
      {0.999977, -0.000949, 0.000950 0.000000},
      {0.000950, 1.000022, -0.000949 0.000000},
      {-0.000949, 0.000950, 0.999955 0.000000},
      {0.000475, 0.100475, 0.000475 1.000000}
    },
	"LeftArm",
    10
  },
  {
    {
      {1.000018, -0.000949, 0.000950 0.000000},
      {0.000950, 1.000014, -0.000949 0.000000},
      {-0.000949, 0.000950, 1.000048 0.000000},
      {0.000475, 0.100475, 0.000475 1.000000}
    },
	"LeftForeArm",
    11
  },
  {
    {
      {0.999987, -0.000949, 0.000950 0.000000},
      {0.000950, 1.000024, -0.000949 0.000000},
      {-0.000949, 0.000950, 1.000025 0.000000},
      {0.000475, 0.100475, 0.000475 1.000000}
    },
	"LeftHand",
    12
  },
  {
    {
      {1.000002, 0.000000, 0.000000 0.000000},
      {0.000000, 0.972515, -0.233045 0.000000},
      {0.000000, 0.233045, 0.972514 0.000000},
      {-0.000062, 0.105884, -0.022535 1.000000}
    },
	"Neck",
    9
  },
  {
    {
      {0.999870, -0.005828, -0.015018 0.000000},
      {0.005828, 1.000023, -0.000039 0.000000},
      {0.015017, -0.000049, 0.999928 0.000000},
      {-0.000010, 0.071240, -0.020578 1.000000}
    },
	"Neck1",
    14
  },
  {
    {
      {1.000000, 0.000000, 0.000000 0.000000},
      {0.000000, 0.914233, 0.405229 0.000000},
      {0.000000, -0.405229, 0.914233 0.000000},
      {0.000336, 0.153849, -0.019886 1.000000}
    },
	"Head",
    15
  },
  {
    {
      {-0.150700, -0.988210, -0.025465 0.000000},
      {0.968306, -0.152742, 0.197672 0.000000},
      {-0.199244, 0.005131, 0.979927 0.000000},
      {-0.019525, 0.100475, -0.019525 1.000000}
    },
	"RightShoulder",
    9
  },
  {
    {
      {0.999959, -0.000949, 0.000950 0.000000},
      {0.000950, 1.000040, -0.000949 0.000000},
      {-0.000949, 0.000950, 0.999955 0.000000},
      {0.000475, 0.100475, 0.000475 1.000000}
    },
	"RightArm",
    17
  },
  {
    {
      {1.000018, -0.000949, 0.000950 0.000000},
      {0.000950, 1.000014, -0.000949 0.000000},
      {-0.000949, 0.000950, 1.000048 0.000000},
      {0.000475, 0.100475, 0.000475 1.000000}
    },
	"RightForeArm",
    18
  },
  {
    {
      {0.999987, -0.000949, 0.000950 0.000000},
      {0.000950, 1.000024, -0.000949 0.000000},
      {-0.000949, 0.000950, 1.000025 0.000000},
      {0.000475, 0.100475, 0.000475 1.000000}
    },
	"RightHand",
    19
  },
  {
    {
      {-0.101400, -0.993607, 0.050685 0.000000},
      {-0.142453, -0.035924, -0.989149 0.000000},
      {0.984601, -0.107525, -0.137891 0.000000},
      {0.000000, 0.000000, 0.000000 1.000000}
    },
	"RHipJoint",
    1
  },
  {
    {
      {-0.145814, -0.210650, -0.966590 0.000000},
      {-0.978435, 0.175354, 0.109366 0.000000},
      {0.146476, 0.961636, -0.231678 0.000000},
      {0.000475, 0.080475, 0.000475 1.000000}
    },
	"RightUpLeg",
    21
  },
  {
    {
      {0.999830, 0.012673, 0.011674 0.000000},
      {-0.011205, 0.992917, -0.118199 0.000000},
      {-0.013090, 0.118057, 0.992862 0.000000},
      {0.000475, 0.050475, 0.000475 1.000000}
    },
	"RightLeg",
    22
  },
  {
    {
      {0.997446, -0.071462, 0.000059 0.000000},
      {0.021079, 0.294997, 0.955325 0.000000},
      {-0.068283, -0.952822, 0.295768 0.000000},
      {0.000475, 0.100475, 0.000475 1.000000}
    },
	"RightFoot",
    23
  },
  {
    {
      {1.000015, -0.006272, 0.006140 0.000000},
      {0.004984, 0.981592, 0.191037 0.000000},
      {-0.007225, -0.191003, 0.981563 0.000000},
      {0.000475, 0.050475, 0.000475 1.000000}
    },
	"RightToeBase",
    24
  }
};

#endif // __G_SKELETON_H__