[
    {
        "name": "Root",
        "parent": -1,
        "transform_mat": [
            [
                1.000000,
                0.000000,
                0.000000,
                0.000000
            ],
            [
                0.000000,
                1.000000,
                0.000000,
                0.000000
            ],
            [
                0.000000,
                0.000000,
                1.000000,
                0.000000
            ],
            [
                0.000000,
                0.000000,
                0.000000,
                1.000000
            ]
        ]
    },
    {
        "name": "Hips",
        "parent": 0,
        "transform_mat": [
            [
                1.000000,
                0.000000,
                0.000000,
                0.000000
            ],
            [
                0.000000,
                0.436800,
                -0.899600,
                0.000000
            ],
            [
                0.000000,
                0.899600,
                0.436800,
                0.000000
            ],
            [
                0.000000,
                -0.013210,
                0.874280,
                1.000000
            ]
        ]
    },
    {
        "name": "LHipJoint",
        "parent": 1,
        "transform_mat": [
            [
                -0.101400,
                0.993607,
                -0.050685,
                0.000000
            ],
            [
                0.142453,
                -0.035924,
                -0.989149,
                0.000000
            ],
            [
                -0.984601,
                -0.107525,
                -0.137892,
                0.000000
            ],
            [
                0.000000,
                0.000000,
                0.000000,
                1.000000
            ]
        ]
    },
    {
        "name": "LeftUpLeg",
        "parent": 2,
        "transform_mat": [
            [
                -0.145814,
                0.210650,
                0.966590,
                0.000000
            ],
            [
                0.978435,
                0.175354,
                0.109365,
                0.000000
            ],
            [
                -0.146476,
                0.961636,
                -0.231678,
                0.000000
            ],
            [
                0.000008,
                0.102043,
                -0.000004,
                1.000000
            ]
        ]
    },
    {
        "name": "LeftLeg",
        "parent": 3,
        "transform_mat": [
            [
                0.999830,
                -0.012674,
                -0.011674,
                0.000000
            ],
            [
                0.011205,
                0.992917,
                -0.118200,
                0.000000
            ],
            [
                0.013090,
                0.118057,
                0.992862,
                0.000000
            ],
            [
                -0.000010,
                0.394424,
                0.000012,
                1.000000
            ]
        ]
    },
    {
        "name": "LeftFoot",
        "parent": 4,
        "transform_mat": [
            [
                0.997446,
                0.071462,
                -0.000059,
                0.000000
            ],
            [
                -0.021079,
                0.294997,
                0.955325,
                0.000000
            ],
            [
                0.068283,
                -0.952822,
                0.295767,
                0.000000
            ],
            [
                -0.000011,
                0.407625,
                -0.000020,
                1.000000
            ]
        ]
    },
    {
        "name": "LeftToeBase",
        "parent": 5,
        "transform_mat": [
            [
                1.000015,
                0.006273,
                -0.006140,
                0.000000
            ],
            [
                -0.004984,
                0.981592,
                0.191037,
                0.000000
            ],
            [
                0.007225,
                -0.191003,
                0.981563,
                0.000000
            ],
            [
                0.000009,
                0.138897,
                -0.000010,
                1.000000
            ]
        ]
    },
    {
        "name": "LowerBack",
        "parent": 1,
        "transform_mat": [
            [
                1.000000,
                0.000000,
                0.000000,
                0.000000
            ],
            [
                0.000000,
                0.840398,
                -0.542013,
                0.000000
            ],
            [
                0.000000,
                0.542013,
                0.840398,
                0.000000
            ],
            [
                0.000000,
                0.088683,
                -0.000007,
                1.000000
            ]
        ]
    },
    {
        "name": "Spine",
        "parent": 7,
        "transform_mat": [
            [
                1.000000,
                0.000000,
                0.000000,
                0.000000
            ],
            [
                0.000000,
                0.981503,
                0.191165,
                0.000000
            ],
            [
                0.000000,
                -0.191165,
                0.981503,
                0.000000
            ],
            [
                0.000000,
                0.142355,
                -0.000004,
                1.000000
            ]
        ]
    },
    {
        "name": "Spine1",
        "parent": 8,
        "transform_mat": [
            [
                1.000000,
                0.000000,
                0.000000,
                0.000000
            ],
            [
                0.000000,
                0.978685,
                -0.205299,
                0.000000
            ],
            [
                0.000000,
                0.205299,
                0.978685,
                0.000000
            ],
            [
                0.000000,
                0.144274,
                -0.000004,
                1.000000
            ]
        ]
    },
    {
        "name": "LeftShoulder",
        "parent": 9,
        "transform_mat": [
            [
                -0.150700,
                0.988210,
                0.025465,
                0.000000
            ],
            [
                -0.968306,
                -0.152742,
                0.197672,
                0.000000
            ],
            [
                0.199244,
                0.005131,
                0.979927,
                0.000000
            ],
            [
                0.022740,
                0.108320,
                0.025957,
                1.000000
            ]
        ]
    },
    {
        "name": "LeftArm",
        "parent": 10,
        "transform_mat": [
            [
                0.771563,
                0.635417,
                0.030463,
                0.000000
            ],
            [
                -0.635889,
                0.771720,
                0.010146,
                0.000000
            ],
            [
                -0.017062,
                -0.027202,
                0.999440,
                0.000000
            ],
            [
                0.000007,
                0.149046,
                0.000005,
                1.000000
            ]
        ]
    },
    {
        "name": "LeftForeArm",
        "parent": 11,
        "transform_mat": [
            [
                1.000002,
                -0.004041,
                0.004110,
                0.000000
            ],
            [
                0.005759,
                0.731084,
                -0.682309,
                0.000000
            ],
            [
                -0.000248,
                0.682298,
                0.731119,
                0.000000
            ],
            [
                -0.000000,
                0.242159,
                0.000006,
                1.000000
            ]
        ]
    },
    {
        "name": "LeftHand",
        "parent": 12,
        "transform_mat": [
            [
                0.993296,
                0.114966,
                0.011112,
                0.000000
            ],
            [
                -0.110799,
                0.975661,
                -0.189363,
                0.000000
            ],
            [
                -0.032610,
                0.186864,
                0.981871,
                0.000000
            ],
            [
                -0.000014,
                0.238607,
                0.000000,
                1.000000
            ]
        ]
    },
    {
        "name": "LThumb",
        "parent": 13,
        "transform_mat": [
            [
                -0.600654,
                0.665475,
                0.443106,
                0.000000
            ],
            [
                0.797609,
                0.461214,
                0.388649,
                0.000000
            ],
            [
                0.054268,
                0.586947,
                -0.807784,
                0.000000
            ],
            [
                0.001424,
                0.039483,
                0.020515,
                1.000000
            ]
        ]
    },
    {
        "name": "LeftFingerBase",
        "parent": 13,
        "transform_mat": [
            [
                -0.255192,
                -0.020311,
                0.966683,
                0.000000
            ],
            [
                0.198521,
                0.977378,
                0.072942,
                0.000000
            ],
            [
                -0.946306,
                0.210517,
                -0.245385,
                0.000000
            ],
            [
                0.000007,
                0.032245,
                -0.000009,
                1.000000
            ]
        ]
    },
    {
        "name": "LeftHandFinger1",
        "parent": 15,
        "transform_mat": [
            [
                0.995096,
                0.095756,
                -0.022713,
                0.000000
            ],
            [
                -0.098322,
                0.957483,
                -0.271088,
                0.000000
            ],
            [
                -0.004211,
                0.271985,
                0.962319,
                0.000000
            ],
            [
                -0.000006,
                0.074674,
                -0.000006,
                1.000000
            ]
        ]
    },
    {
        "name": "Neck",
        "parent": 9,
        "transform_mat": [
            [
                1.000000,
                0.000000,
                0.000000,
                0.000000
            ],
            [
                0.000000,
                0.972515,
                -0.233045,
                0.000000
            ],
            [
                0.000000,
                0.233045,
                0.972515,
                0.000000
            ],
            [
                0.000000,
                0.176597,
                0.000006,
                1.000000
            ]
        ]
    },
    {
        "name": "Neck1",
        "parent": 17,
        "transform_mat": [
            [
                1.000000,
                0.000000,
                0.000000,
                0.000000
            ],
            [
                0.000000,
                1.000041,
                0.000000,
                0.000000
            ],
            [
                0.000000,
                0.000000,
                1.000041,
                0.000000
            ],
            [
                0.000000,
                0.054112,
                0.000003,
                1.000000
            ]
        ]
    },
    {
        "name": "Head",
        "parent": 18,
        "transform_mat": [
            [
                1.000000,
                0.000000,
                0.000000,
                0.000000
            ],
            [
                0.000000,
                0.914233,
                0.405229,
                0.000000
            ],
            [
                0.000000,
                -0.405229,
                0.914233,
                0.000000
            ],
            [
                0.000000,
                0.054102,
                0.000006,
                1.000000
            ]
        ]
    },
    {
        "name": "RightShoulder",
        "parent": 9,
        "transform_mat": [
            [
                -0.150700,
                -0.988210,
                -0.025465,
                0.000000
            ],
            [
                0.968306,
                -0.152742,
                0.197672,
                0.000000
            ],
            [
                -0.199244,
                0.005131,
                0.979927,
                0.000000
            ],
            [
                -0.022740,
                0.108320,
                0.025957,
                1.000000
            ]
        ]
    },
    {
        "name": "RightArm",
        "parent": 20,
        "transform_mat": [
            [
                0.771563,
                -0.635417,
                -0.030463,
                0.000000
            ],
            [
                0.635889,
                0.771720,
                0.010146,
                0.000000
            ],
            [
                0.017062,
                -0.027202,
                0.999440,
                0.000000
            ],
            [
                -0.000007,
                0.149046,
                0.000005,
                1.000000
            ]
        ]
    },
    {
        "name": "RightForeArm",
        "parent": 21,
        "transform_mat": [
            [
                1.000002,
                0.004041,
                -0.004110,
                0.000000
            ],
            [
                -0.005759,
                0.731084,
                -0.682309,
                0.000000
            ],
            [
                0.000248,
                0.682298,
                0.731119,
                0.000000
            ],
            [
                0.000000,
                0.242159,
                0.000006,
                1.000000
            ]
        ]
    },
    {
        "name": "RightHand",
        "parent": 22,
        "transform_mat": [
            [
                0.993296,
                -0.114966,
                -0.011112,
                0.000000
            ],
            [
                0.110799,
                0.975661,
                -0.189363,
                0.000000
            ],
            [
                0.032610,
                0.186864,
                0.981871,
                0.000000
            ],
            [
                0.000014,
                0.238607,
                0.000000,
                1.000000
            ]
        ]
    },
    {
        "name": "RThumb",
        "parent": 23,
        "transform_mat": [
            [
                -0.600654,
                -0.665475,
                -0.443106,
                0.000000
            ],
            [
                -0.797609,
                0.461214,
                0.388649,
                0.000000
            ],
            [
                -0.054268,
                0.586947,
                -0.807784,
                0.000000
            ],
            [
                -0.001424,
                0.039483,
                0.020515,
                1.000000
            ]
        ]
    },
    {
        "name": "RightFingerBase",
        "parent": 23,
        "transform_mat": [
            [
                -0.255192,
                0.020311,
                -0.966683,
                0.000000
            ],
            [
                -0.198521,
                0.977378,
                0.072942,
                0.000000
            ],
            [
                0.946306,
                0.210517,
                -0.245385,
                0.000000
            ],
            [
                -0.000007,
                0.032245,
                -0.000009,
                1.000000
            ]
        ]
    },
    {
        "name": "RightHandFinger1",
        "parent": 25,
        "transform_mat": [
            [
                0.995096,
                -0.095756,
                0.022713,
                0.000000
            ],
            [
                0.098322,
                0.957483,
                -0.271088,
                0.000000
            ],
            [
                0.004211,
                0.271985,
                0.962319,
                0.000000
            ],
            [
                0.000006,
                0.074674,
                -0.000006,
                1.000000
            ]
        ]
    },
    {
        "name": "RHipJoint",
        "parent": 1,
        "transform_mat": [
            [
                -0.101400,
                -0.993607,
                0.050685,
                0.000000
            ],
            [
                -0.142453,
                -0.035924,
                -0.989149,
                0.000000
            ],
            [
                0.984601,
                -0.107525,
                -0.137892,
                0.000000
            ],
            [
                0.000000,
                0.000000,
                0.000000,
                1.000000
            ]
        ]
    },
    {
        "name": "RightUpLeg",
        "parent": 27,
        "transform_mat": [
            [
                -0.145814,
                -0.210650,
                -0.966590,
                0.000000
            ],
            [
                -0.978435,
                0.175354,
                0.109365,
                0.000000
            ],
            [
                0.146476,
                0.961636,
                -0.231678,
                0.000000
            ],
            [
                -0.000008,
                0.102043,
                -0.000004,
                1.000000
            ]
        ]
    },
    {
        "name": "RightLeg",
        "parent": 28,
        "transform_mat": [
            [
                0.999830,
                0.012674,
                0.011674,
                0.000000
            ],
            [
                -0.011205,
                0.992917,
                -0.118200,
                0.000000
            ],
            [
                -0.013090,
                0.118057,
                0.992862,
                0.000000
            ],
            [
                0.000010,
                0.394424,
                0.000012,
                1.000000
            ]
        ]
    },
    {
        "name": "RightFoot",
        "parent": 29,
        "transform_mat": [
            [
                0.997446,
                -0.071462,
                0.000059,
                0.000000
            ],
            [
                0.021079,
                0.294997,
                0.955325,
                0.000000
            ],
            [
                -0.068283,
                -0.952822,
                0.295767,
                0.000000
            ],
            [
                0.000011,
                0.407625,
                -0.000020,
                1.000000
            ]
        ]
    },
    {
        "name": "RightToeBase",
        "parent": 30,
        "transform_mat": [
            [
                1.000015,
                -0.006273,
                0.006140,
                0.000000
            ],
            [
                0.004984,
                0.981592,
                0.191037,
                0.000000
            ],
            [
                -0.007225,
                -0.191003,
                0.981563,
                0.000000
            ],
            [
                -0.000009,
                0.138897,
                -0.000010,
                1.000000
            ]
        ]
    }
]